25
NR_026517.1 0.0000000 0.0508643 0.0541133 0.5227994 0.3657523 0.5087228 0.4169405 0.6097295 0.4098901 0.2826964 0.5649237 0.2866382 0.3805408 0.4640259 0.3081612 0.3387658 0.3460053 0.5978737 0.5563128 0.2848722 0.4977576 0.5873306 0.2647490 0.3299213 0.3074687 
AJ457806.2  0.0508643 0.0000000 0.0210993 0.5438493 0.3439124 0.5042126 0.4030595 0.5897725 0.4155856 0.2757332 0.5412489 0.2635140 0.3751088 0.4453186 0.2944539 0.3310651 0.3560314 0.5688267 0.5585154 0.2595145 0.4942848 0.6490806 0.2595876 0.3281161 0.2882543 
NR_044920.1 0.0541133 0.0210993 0.0000000 0.5279630 0.3497211 0.4721137 0.3915203 0.5668317 0.3925950 0.2584809 0.5240754 0.2476396 0.3552589 0.4243784 0.3045335 0.3200553 0.3420124 0.5371915 0.5321958 0.2643121 0.4802043 0.5941352 0.2554262 0.3195192 0.2898443 
NR_042029.1 0.5227994 0.5438493 0.5279630 0.0000000 0.7505743 0.4078871 0.5127323 0.5102336 0.4953621 0.6076157 0.5848057 0.4875403 0.6111402 0.5335053 0.5374209 0.4591239 0.4870980 0.5895200 0.4706792 0.5181767 0.1641674 0.5616095 0.5877948 0.6628055 0.5003219 
LC699514.1  0.3657523 0.3439124 0.3497211 0.7505743 0.0000000 0.6600849 0.5112393 0.7670692 0.4497350 0.3546630 0.7563655 0.3223823 0.4838966 0.6467686 0.3089158 0.4343395 0.4882573 0.8084624 0.7129682 0.3109977 0.6003902 0.9592821 0.1896239 0.1346326 0.3328147 
NR_025842.1 0.5087228 0.5042126 0.4721137 0.4078871 0.6600849 0.0000000 0.5373898 0.4230134 0.4257033 0.5776235 0.6442473 0.4977579 0.3913172 0.4740113 0.4862618 0.3728706 0.4126285 0.6564463 0.1080966 0.4856263 0.4016104 0.5642709 0.5985787 0.5690510 0.4587070 
NR_029176.1 0.4169405 0.4030595 0.3915203 0.5127323 0.5112393 0.5373898 0.0000000 0.4768985 0.4234359 0.4267344 0.5682027 0.3879978 0.4569951 0.5250589 0.4572426 0.4090543 0.4047626 0.5809080 0.5305165 0.4680117 0.4767122 0.6788329 0.4464571 0.5155235 0.3987543 
NR_118038.1 0.6097295 0.5897725 0.5668317 0.5102336 0.7670692 0.4230134 0.4768985 0.0000000 0.6116424 0.6062083 0.7591062 0.5563781 0.5742829 0.5127186 0.5554124 0.5471469 0.5765258 0.7217035 0.4343723 0.6410679 0.4682824 0.6565379 0.6900887 0.7054443 0.5810943 
Y14307.1    0.4098901 0.4155856 0.3925950 0.4953621 0.4497350 0.4257033 0.4234359 0.6116424 0.0000000 0.3922095 0.5123577 0.3390323 0.2085066 0.5651682 0.3687243 0.1562245 0.1749357 0.5386923 0.4381772 0.3847762 0.4319917 0.5865086 0.3912097 0.3919043 0.3810234 
NR_152697.1 0.2826964 0.2757332 0.2584809 0.6076157 0.3546630 0.5776235 0.4267344 0.6062083 0.3922095 0.0000000 0.6096725 0.1746815 0.3830050 0.5579882 0.1889051 0.3279838 0.3295399 0.5941440 0.6023630 0.2357186 0.5044768 0.7613134 0.2977430 0.3411551 0.2042149 
NR_027216.1 0.5649237 0.5412489 0.5240754 0.5848057 0.7563655 0.6442473 0.5682027 0.7591062 0.5123577 0.6096725 0.0000000 0.6306871 0.6049884 0.6555649 0.6236365 0.5906028 0.5348316 0.7519516 0.6355105 0.5858939 0.5275662 0.8615557 0.6891930 0.6478369 0.5453573 
MH424899.2  0.2866382 0.2635140 0.2476396 0.4875403 0.3223823 0.4977579 0.3879978 0.5563781 0.3390323 0.1746815 0.6306871 0.0000000 0.3808457 0.4818433 0.1843550 0.2967586 0.3355081 0.5493581 0.5353377 0.2275126 0.4366614 0.7780816 0.2799927 0.3161652 0.1742932 
NR_027578.1 0.3805408 0.3751088 0.3552589 0.6111402 0.4838966 0.3913172 0.4569951 0.5742829 0.2085066 0.3830050 0.6049884 0.3808457 0.0000000 0.5679097 0.4139740 0.1701812 0.1110680 0.5709925 0.4473461 0.3791015 0.4963778 0.6470391 0.4081898 0.4536359 0.4002596 
NR_074317.1 0.4640259 0.4453186 0.4243784 0.5335053 0.6467686 0.4740113 0.5250589 0.5127186 0.5651682 0.5579882 0.6555649 0.4818433 0.5679097 0.0000000 0.5326993 0.5267569 0.5352899 0.5828624 0.5415059 0.4509077 0.5019724 0.6282579 0.5036125 0.5891436 0.5577696 
NR_043420.1 0.3081612 0.2944539 0.3045335 0.5374209 0.3089158 0.4862618 0.4572426 0.5554124 0.3687243 0.1889051 0.6236365 0.1843550 0.4139740 0.5326993 0.0000000 0.3302833 0.3542659 0.6138665 0.4950162 0.2232372 0.4692113 0.7893839 0.2612799 0.3087458 0.2143329 
MT476933.1  0.3387658 0.3310651 0.3200553 0.4591239 0.4343395 0.3728706 0.4090543 0.5471469 0.1562245 0.3279838 0.5906028 0.2967586 0.1701812 0.5267569 0.3302833 0.0000000 0.1461062 0.5367474 0.4174119 0.3173705 0.4256188 0.5662754 0.3543246 0.3736542 0.3416248 
NR_159238.1 0.3460053 0.3560314 0.3420124 0.4870980 0.4882573 0.4126285 0.4047626 0.5765258 0.1749357 0.3295399 0.5348316 0.3355081 0.1110680 0.5352899 0.3542659 0.1461062 0.0000000 0.5729045 0.4368618 0.3324309 0.4141621 0.5762543 0.3769110 0.4331629 0.3647468 
NR_074895.2 0.5978737 0.5688267 0.5371915 0.5895200 0.8084624 0.6564463 0.5809080 0.7217035 0.5386923 0.5941440 0.7519516 0.5493581 0.5709925 0.5828624 0.6138665 0.5367474 0.5729045 0.0000000 0.6877116 0.6267743 0.5320722 0.8188872 0.6639704 0.6875555 0.6151918 
NR_028865.1 0.5563128 0.5585154 0.5321958 0.4706792 0.7129682 0.1080966 0.5305165 0.4343723 0.4381772 0.6023630 0.6355105 0.5353377 0.4473461 0.5415059 0.4950162 0.4174119 0.4368618 0.6877116 0.0000000 0.5210072 0.4398101 0.5718201 0.6111508 0.6412488 0.4780720 
NR_041577.1 0.2848722 0.2595145 0.2643121 0.5181767 0.3109977 0.4856263 0.4680117 0.6410679 0.3847762 0.2357186 0.5858939 0.2275126 0.3791015 0.4509077 0.2232372 0.3173705 0.3324309 0.6267743 0.5210072 0.0000000 0.4700137 0.7074645 0.2236552 0.2737391 0.2200348 
NR_118018.1 0.4977576 0.4942848 0.4802043 0.1641674 0.6003902 0.4016104 0.4767122 0.4682824 0.4319917 0.5044768 0.5275662 0.4366614 0.4963778 0.5019724 0.4692113 0.4256188 0.4141621 0.5320722 0.4398101 0.4700137 0.0000000 0.5282728 0.5254362 0.5767518 0.4503073 
NR_040943.1 0.5873306 0.6490806 0.5941352 0.5616095 0.9592821 0.5642709 0.6788329 0.6565379 0.5865086 0.7613134 0.8615557 0.7780816 0.6470391 0.6282579 0.7893839 0.5662754 0.5762543 0.8188872 0.5718201 0.7074645 0.5282728 0.0000000 0.6788815 0.8380063 0.6997853 
NR_027211.1 0.2647490 0.2595876 0.2554262 0.5877948 0.1896239 0.5985787 0.4464571 0.6900887 0.3912097 0.2977430 0.6891930 0.2799927 0.4081898 0.5036125 0.2612799 0.3543246 0.3769110 0.6639704 0.6111508 0.2236552 0.5254362 0.6788815 0.0000000 0.1658137 0.2892292 
NR_041386.1 0.3299213 0.3281161 0.3195192 0.6628055 0.1346326 0.5690510 0.5155235 0.7054443 0.3919043 0.3411551 0.6478369 0.3161652 0.4536359 0.5891436 0.3087458 0.3736542 0.4331629 0.6875555 0.6412488 0.2737391 0.5767518 0.8380063 0.1658137 0.0000000 0.3257233 
NR_104845.1 0.3074687 0.2882543 0.2898443 0.5003219 0.3328147 0.4587070 0.3987543 0.5810943 0.3810234 0.2042149 0.5453573 0.1742932 0.4002596 0.5577696 0.2143329 0.3416248 0.3647468 0.6151918 0.4780720 0.2200348 0.4503073 0.6997853 0.2892292 0.3257233 0.0000000 
